476 0 0 0 -1 -1 -1 -1 -1 -1 -1 -1 
476 1 0 0 -1 -1 -1 -1 -1 -1 -1 -1 
476 2 0 0 -1 -1 -1 -1 -1 -1 -1 -1 
476 3 0 0 -1 -1 -1 -1 -1 -1 -1 -1 
476 4 0 0 -1 -1 -1 -1 -1 -1 -1 -1 
476 5 0 0 -1 -1 -1 -1 -1 -1 -1 -1 
476 6 0 0 -1 -1 -1 -1 -1 -1 -1 -1 
476 7 0 0 -1 -1 -1 -1 -1 -1 -1 -1 
476 8 0 0 -1 -1 -1 -1 -1 -1 -1 -1 
476 9 0 0 -1 -1 -1 -1 -1 -1 -1 -1 
476 10 0 0 -1 -1 -1 -1 -1 -1 -1 -1 
476 11 0 0 -1 -1 -1 -1 -1 -1 -1 -1 
476 12 0 0 476 13 0 0 -1 -1 -1 -1 
470 14 0 0 470 15 0 0 -1 -1 -1 -1 
467 16 0 0 467 17 0 0 -1 -1 -1 -1 
461 18 0 0 461 19 0 0 -1 -1 -1 -1 
455 20 0 0 455 21 0 0 -1 -1 -1 -1 
449 22 0 0 449 23 0 0 -1 -1 -1 -1 
440 24 0 0 440 25 0 0 -1 -1 -1 -1 
434 26 0 0 434 27 0 0 -1 -1 -1 -1 
425 28 0 0 425 29 0 0 -1 -1 -1 -1 
413 30 0 0 413 31 0 0 -1 -1 -1 -1 
404 32 0 0 404 33 0 0 -1 -1 -1 -1 
389 34 0 0 389 35 0 0 -1 -1 -1 -1 
368 36 0 0 368 37 0 0 368 38 0 0 
344 39 0 0 344 40 0 0 344 41 0 0 
314 42 0 0 314 43 0 0 314 44 0 0 
281 45 0 0 281 46 0 0 281 47 0 0 
239 48 0 0 239 49 0 0 239 50 0 0 
191 51 0 0 191 52 0 0 191 53 0 0 
134 54 0 0 134 55 0 0 134 56 0 0 
126 56 1 134 126 56 2 260 126 56 3 386 
126 55 1 134 126 55 2 260 126 55 3 386 
126 54 1 134 126 54 2 260 126 54 3 386 
107 53 1 191 107 53 2 298 107 53 3 405 
107 52 1 191 107 52 2 298 107 52 3 405 
107 51 1 191 107 51 2 298 107 51 3 405 
91 50 1 239 91 50 2 330 91 50 3 421 
91 49 1 239 91 49 2 330 91 49 3 421 
91 48 1 239 91 48 2 330 91 48 3 421 
77 47 1 281 77 47 2 358 77 47 3 435 
77 46 1 281 77 46 2 358 77 46 3 435 
77 45 1 281 77 45 2 358 77 45 3 435 
66 44 1 314 66 44 2 380 66 44 3 446 
66 43 1 314 66 43 2 380 66 43 3 446 
66 42 1 314 66 42 2 380 66 42 3 446 
56 41 1 344 56 41 2 400 56 41 3 456 
56 40 1 344 56 40 2 400 56 40 3 456 
56 39 1 344 56 39 2 400 56 39 3 456 
48 38 1 368 48 38 2 416 48 38 3 464 
48 37 1 368 48 37 2 416 48 37 3 464 
48 36 1 368 48 36 2 416 48 36 3 464 
41 35 1 389 41 35 2 430 41 35 3 471 
41 34 1 389 41 34 2 430 41 34 3 471 
36 33 1 404 36 33 2 440 36 33 3 476 
36 32 1 404 36 32 2 440 36 32 3 476 
33 31 1 413 33 31 2 446 33 31 3 479 
33 30 1 413 33 30 2 446 33 30 3 479 
29 29 1 425 29 29 2 454 29 29 3 483 
29 28 1 425 29 28 2 454 29 28 3 483 
26 27 1 434 26 27 2 460 26 27 3 486 
26 26 1 434 26 26 2 460 26 26 3 486 
24 25 1 440 24 25 2 464 24 25 3 488 
24 24 1 440 24 24 2 464 24 24 3 488 
21 23 1 449 21 23 2 470 21 23 3 491 
21 22 1 449 21 22 2 470 21 22 3 491 
19 21 1 455 19 21 2 474 19 21 3 493 
19 20 1 455 19 20 2 474 19 20 3 493 
17 19 1 461 17 19 2 478 17 19 3 495 
17 18 1 461 17 18 2 478 17 18 3 495 
15 17 1 467 15 17 2 482 15 17 3 497 
15 16 1 467 15 16 2 482 15 16 3 497 
14 15 1 470 14 15 2 484 14 15 3 498 
14 14 1 470 14 14 2 484 14 14 3 498 
12 13 1 476 12 13 2 488 12 13 3 500 
12 12 1 476 12 12 2 488 12 12 3 500 
12 11 1 476 12 11 2 488 12 11 3 500 
12 10 1 476 12 10 2 488 12 10 3 500 
12 9 1 476 12 9 2 488 12 9 3 500 
12 8 1 476 12 8 2 488 12 8 3 500 
12 7 1 476 12 7 2 488 12 7 3 500 
12 6 1 476 12 6 2 488 12 6 3 500 
12 5 1 476 12 5 2 488 12 5 3 500 
12 4 1 476 12 4 2 488 12 4 3 500 
12 3 1 476 12 3 2 488 12 3 3 500 
12 2 1 476 12 2 2 488 12 2 3 500 
12 1 1 476 12 1 2 488 12 1 3 500 
12 0 1 476 12 0 2 488 12 0 3 500 