413  0  0  0  -1 -1 -1 -1 -1 -1 -1 -1 
413  1  0  0  -1 -1 -1 -1 -1 -1 -1 -1 
413  2  0  0  -1 -1 -1 -1 -1 -1 -1 -1 
413  3  0  0  -1 -1 -1 -1 -1 -1 -1 -1 
413  4  0  0  -1 -1 -1 -1 -1 -1 -1 -1 
413  5  0  0  -1 -1 -1 -1 -1 -1 -1 -1 
413  6  0  0  -1 -1 -1 -1 -1 -1 -1 -1 
413  7  0  0  -1 -1 -1 -1 -1 -1 -1 -1 
413  8  0  0  -1 -1 -1 -1 -1 -1 -1 -1 
413  9  0  0  -1 -1 -1 -1 -1 -1 -1 -1 
413  10  0  0  -1 -1 -1 -1 -1 -1 -1 -1 
413  11  0  0  -1 -1 -1 -1 -1 -1 -1 -1 
413  12  0  0  413  13  0  0  -1 -1 -1 -1 
413  14  0  0  413  15  0  0  -1 -1 -1 -1 
413  16  0  0  413  17  0  0  -1 -1 -1 -1 
413  18  0  0  413  19  0  0  -1 -1 -1 -1 
413  20  0  0  413  21  0  0  -1 -1 -1 -1 
413  22  0  0  413  23  0  0  -1 -1 -1 -1 
413  24  0  0  413  25  0  0  -1 -1 -1 -1 
413  26  0  0  413  27  0  0  -1 -1 -1 -1 
413  28  0  0  413  29  0  0  -1 -1 -1 -1 
413  30  0  0  413  31  0  0  -1 -1 -1 -1 
404  32  0  0  404  33  0  0  -1 -1 -1 -1 
389 34 0 0 389 35 0 0 -1 -1 -1 -1 
368  36  0  0  368  37  0  0  368  38  0  0  
344  39  0  0  344  40  0  0  344  41  0  0  
281  42  0  0  281 43  0  0  281  44  0  0  
281  45  0  0  281  46  0  0  281  47  0  0  
239  48  0  0  239  49  0  0  239  50  0  0  
191  51  0  0  191  52  0  0  191  53  0  0  
134 54 0 0 134 55 0 0 134 56 0 0 
126 56 1 134 126 56 2 260 126 56 3 386 
126 55 1 134 126 55 2 260 126 55 3 386 
126 54 1 134 126 54 2 260 126 54 3 386 
107 53  1  191 107  53  2  298  107 53  3  405 
107 52  1  191 107  52  2  298  107 52  3  405
107 51  1  191 107  51  2  298  107 51  3  405 
91  50  1  239  91  50  2  330  91  50  3  421  
91  49  1  239  91  49  2  330  91  49  3  421  
91  48  1  239  91  48  2  330  91  48  3  421  
77  47  1  281  77  47  2  358  77  47  3  435  
77  46  1  281  77  46  2  358  77  46  3  435  
77  45  1  281  77  45  2  358  77  45  3  435  
77  44  1  281  77  44  2  358  77  44  3  435  
77  43  1  281  77  43  2  358  77  43  3  435  
77  42  1  281  77  42  2  358  77  42  3  435  
56  41  1  344  56  41  2  400  56  41  3  456  
56  40  1  344  56  40  2  400  56  40  3  456  
56  39  1  344  56  39  2  400  56  39  3  456  
48  38  1  368  48  38  2  416  48  38  3  464  
48  37  1  368  48  37  2  416  48  37  3  464  
48  36  1  368  48  36  2  416  48  36  3  464  
41  35  1  389  41  35  2  430  41  35  3  471 
41  34  1  389  41  34  2  430  41  34  3  471 
36  33  1  404  36  33  2  440  36  33  3  476  
36  32  1  404  36  32  2  440  36  32  3  476  
33  31  1  413  33  31  2  446  33  31  3  479  
33  30  1  413  33  30  2  446  33  30  3  479  
33  29  1  413  33  29  2  446  33  29  3  479  
33  28  1  413  33  28  2  446  33  28  3  479  
33  27  1  413  33  27  2  446  33  27  3  479  
33  26  1  413  33  26  2  446  33  26  3  479  
33  25  1  413  33  25  2  446  33  25  3  479  
33  24  1  413  33  24  2  446  33  24  3  479  
33  23  1  413  33  23  2  446  33  23  3  479  
33  22  1  413  33  22  2  446  33  22  3  479  
33  21  1  413  33  21  2  446  33  21  3  479  
33  20  1  413  33  20  2  446  33  20  3  479  
33  19  1  413  33  19  2  446  33  19  3  479  
33  18  1  413  33  18  2  446  33  18  3  479  
33  17  1  413  33  17  2  446  33  17  3  479  
33  16  1  413  33  16  2  446  33  16  3  479  
33  15  1  413  33  15  2  446  33  15  3  479  
33  14  1  413  33  14  2  446  33  14  3  479  
33  13  1  413  33  13  2  446  33  13  3  479  
33  12  1  413  33  12  2  446  33  12  3  479  
33  11  1  413  33  11  2  446  33  11  3  479  
33  10  1  413  33  10  2  446  33  10  3  479  
33  9  1  413  33  9  2  446  33  9  3  479  
33  8  1  413  33  8  2  446  33  8  3  479  
33  7  1  413  33  7  2  446  33  7  3  479  
33  6  1  413  33  6  2  446  33  6  3  479  
33  5  1  413  33  5  2  446  33  5  3  479  
33  4  1  413  33  4  2  446  33  4  3  479  
33  3  1  413  33  3  2  446  33  3  3  479  
33  2  1  413  33  2  2  446  33  2  3  479  
33  1  1  413  33  1  2  446  33  1  3  479  
33  0  1  413  33  0  2  446  33  0  3  479  
